0.10500593662147578167 92.98471334231518881097
0.05064064012625763694 82.40738420040138123568
0.06214536283001930589 79.08004605240689954826
0.01825068024930935617 119.20754089899965322275
0.00573998333496772081 127.82313473191747732471
0.06624035825982470260 83.55928251815565488414
0.01905425549294828200 124.60677875457103880308
0.07331860897527597842 55.76541626542258711652
0.07413481331585200507 49.04588198225548012488
0.07506650093047718963 120.24294444347300725440
0.08621610933802129062 99.23089636000401014826
0.15746001052090988215 80.99013683268867680454
0.02720977565296788317 92.26267034321116966566
0.06628369831173577809 77.96596297008333920076
0.03714841008323649385 68.34534700619538227784
0.04489677132817703614 110.55991169891696301875
0.09064853494272412382 91.80943014948988434298
0.05221024463290506457 114.36934720775509788382
0.05158993518485723712 56.33021821333214518290
0.02857131563938401439 49.17488571821716192289
0.05803248613841540532 79.32949059274065461977
0.01193600084239996965 100.87049151558950654817
0.05066772624929608004 83.94924615385069444073
0.02406386384011184598 46.09031052960841634558
0.02918137294242789323 45.50535681246433483693
0.07221212821925793168 101.90537474245438431808
0.09564128262738477715 63.49827017784345883911
0.05551627624087551033 68.87080631426098875636
0.06364266468953369560 136.30251384874873110675
0.08661565972830179150 90.70674448514010634881
0.09573795323168110549 71.87465618725404681300
0.06677951534091389196 37.57441344952829354042
0.05568038878362280286 64.87999165155785874504
0.08358234070849782094 143.01268719767372772367
0.06292591336273581359 74.09469634957125094843
0.05625772562097371837 89.86312114499861536387
0.03880322957343907558 71.94266833091957380475
0.07104314380505225013 66.24756653782705484446
0.03613397457655311007 78.25320701431076031440
0.02839615982765516036 61.39381872337485646085
0.06686009668610608248 98.43789023426965911767
0.09887380123075224791 125.14516129269144073533
0.09437037527352418187 144.88330860393517696139
0.08241631483846316442 71.77129293576362556450
0.10097450323106581249 66.87870105539387566296
0.03141421279554872797 48.01436850582742721372
0.05615999733732406768 111.74249809202261474184
0.06903043117022093778 99.75619355718255576448
0.08248812532722686608 88.92461316885363942220
0.10378983594630655785 102.29209989952262560564
0.03498917884259566263 77.14132624986693542724
0.03180632752607459590 109.15768455046166707234
0.08151794077285040574 119.60815608397406606400
0.06028379864370587982 32.47950852660785159287
0.06334953511929015957 122.49326989459648018510
0.07256200401936278854 80.23837623390018336522
0.08459875096463974342 145.82107103624659316665
0.08609032016796452913 98.70247636094228482762
0.05590813075746203092 69.52270906564643837555
0.03307218081931018877 33.14252789744199390043
0.08467851935362567806 71.05568477482817968394
0.02919526832412649986 109.56543966784595056652
0.10831062706522273653 79.77846357007032906949
0.02844403550633285357 71.71413371554029936306
0.06294888911238918916 62.14810335067183189039
0.08947223419453394222 145.64175949665769849162
0.03095492632556411453 105.56073501517042245723
0.06298606219681025797 84.00215113603853467339
0.10842617218373749866 101.91282936238653178407
0.04369644379706670578 58.28974381339795485246
0.04029753937023095034 112.97801764916503941549
0.03361774453648978811 60.74842955023264323700
0.00647515304718796880 121.17909402886355962892
0.06046013420022887386 71.80810654036703510883
0.06853233229410789218 43.92820790950769804795
0.06404702737263033574 104.55749099746334707106
0.06647946022193897131 62.70003677361027172310
0.06989371304399971674 102.29727454747192894047
0.05479488563290267622 123.88932240566343523369
0.05289146758011061683 72.25181329400714957956
0.02120447788993533658 50.46933120802759731305
0.06718660580653700032 69.34005071485468363335
0.11802183221040819794 105.66234957371372615853
0.06443744065153869660 68.33395347115968831986
0.06046920590440558324 74.21060432144174967561
0.06239271679901353673 51.06697685327256408527
0.05200138964442368311 109.71957957227630231500
0.00352819816331345366 122.46678413139760266404
0.06120155755565191702 71.02758707161751772219
0.08844485683350089555 71.23029875713710623586
0.09608650397276617683 98.70722974673682870161
0.10955871904891964497 72.66504185251498881826
0.08922636226109820212 80.37096399777203714621
0.08145996628928606209 77.54252220254562644186
0.08163539459113838825 136.81527764462600771367
0.05929084240478229434 84.53155623779214522528
0.03233707131303892313 115.80075965074219368489
0.04475331256346591624 104.63859039225771141446
0.07215313285605057247 61.75318738825803421832
0.10067150775853017652 79.33061514985195117333
0.03785773810783161358 65.02730704608003975409
0.02695931981177734915 103.47807304973063935449
0.09410775212128298650 72.48523149822649713769
0.08409998934482791622 98.91256851036924047094
0.06201580843999598275 80.60524562370812873269
0.06191489157315866604 52.93006274466040395055
0.03091458754745074824 126.95940386474107697268
0.07009149742357717594 48.87165444380233481070
0.06184070635369950247 55.36411156589151261187
0.09950334352719762687 78.52842263870172700990
0.05784962925630891817 51.66436961499469049386
0.08565954377833530364 79.68610960854110203400
0.05191341687553252537 48.12129623466529437792
0.08152669819451983935 89.08812984442486992975
0.05758794958672242004 50.35108872273121960461
0.05964547336390692289 64.15305050420073484929
0.06040888327561227955 50.77787012948211753383
0.09856797385357600472 64.10472720033460802824
0.07450715311767698579 74.39375059902717168825
0.04643640853761544368 79.47513704785347954385
0.04299274997330137377 57.07293197923846150843
0.08697722244331881902 92.48484340104401724147
0.09040978134099048047 85.65592744583049977791
0.05383528156095150619 66.96089429335390263986
0.09374077787160350894 78.97350253458635904735
0.06473787956934491661 109.41536284440110193827
0.10546832987871082588 142.34384308824314757658
0.09411975787236767643 89.57411124459113693774
0.06455921717897643297 58.59596093686322859639
0.10203797505303420501 72.34813238439319604822
0.04870772915379051327 68.60374205559446636471
0.12972548387625942867 62.77991957571808967487
0.05523656838114424095 71.31998136474021521281
0.11986904891618800628 76.40970814992398629784
0.15473803907034630600 81.38419661647431269103
0.08493391175908442114 144.71220371035792595649
0.06124024436637334756 66.61401230981947207965
0.08566876135382753277 124.43699145408545803093
0.01703774777704405649 124.45339515223966486701
0.08294557281983809538 98.91705920366257487331
0.08917017428882829944 79.75316422911575386934
0.11131068407813481114 95.80629320407980742402
0.09329886734028755568 64.27956271851141423213
0.09032806412236750460 73.82576689170559802733
0.11389412991423988886 85.75795148743650031520
0.00815871156404325733 111.35013753372406597464
0.05265936031918137805 89.67389612910808693869
0.04466974606187632674 113.02215601313800164007
0.05844372622128105044 33.71501599845549890233
0.08521176224192419935 77.21200122778334673512
0.05220643749857162286 66.32558591924779989313
0.04197145363646808541 55.09656326717438190599
0.10529373404928017710 109.52618711381887806056
0.03144104945441839050 57.02292030584506221658
0.04545823582904233440 78.53705597509735980566
0.06040744879739435441 66.54080874455719651905
0.05207404779873895523 72.41630743652956425649
0.04387579221316685596 110.29269069129330205215
0.07094258774103007203 43.80140783092328149451
0.09698560994839781901 81.43802470508857993536
0.10055860955945594704 69.95248780824597645278
0.02564929978477632419 107.61300351789569162975
0.04779249879665820044 79.70695694012646015381
0.06345818095536423509 118.83898464635834102410
0.13515748395610918675 69.06118696026565828561
0.07170007079739523781 89.41132512613107508059
0.03724207339969237002 76.76798195134141167273
0.05103343830820099292 106.27574384664616502505
0.02802169445857461208 42.52223931071912232937
0.03997398936826149218 90.55955543390145123794
0.04412344150289547462 58.94641171694499348632
0.01462602480890694799 110.16857560376286073733
0.04436515867458393908 114.45413763242771665318
0.05346816715582862478 116.86258585370428875194
0.05903299465916591465 64.16079333970853326718
0.02050786293992394246 93.20417709784113924343
0.05634387834735402750 65.72482649622872941109
0.06597943913919986081 78.41611741319871953237
0.10628978652987554343 108.04706502540615531416
0.02258613119399539848 106.64336425722170531571
0.09271497592660384035 100.54560086085039927184
0.07895074498247156569 78.74778065360811751816
0.05053767433175734153 59.67503863185264378899
0.10718963474568111993 74.66541710001600051783
0.06630658285843460398 77.14703587566650355711
0.04452283823312150335 63.60552893391003692614
0.11420094549641625348 85.08620516992576199300
0.03818823127055361033 85.66786701370629941721
0.02657645502350408986 52.74858922557675100506
0.05660677832701442591 99.77395401683743614285
0.06088343023191629400 64.93650894831816344777
0.04923995047484208687 86.64837509680803862011
0.11926992034829883571 98.36111811981096764157
0.06472141519486136751 80.55833575830257586858
0.01301047091708152845 116.36891996958779316174
0.14362302035193388883 71.20238911449791885389
0.01871866305584695203 105.39586168537053367800
0.05333913042634197410 119.63623291051625585624
0.06986117389908723385 82.04736071285702792011
0.09184332873629788563 110.56457339390243532762
0.07983544580690171699 97.24561065331532461187
0.00659446420627793871 122.05531231920106449707
0.03187877203674027021 79.19057589614682513002
0.03499385472941173025 54.37841041157295052244
0.06063558778765892193 74.17954904650510172814
0.05924214222739169339 66.23288750309986028242
0.08215734759066242732 52.79078157315548480710
0.07033398015462055675 58.00917365631971733819
0.06576375965370519217 38.49159221876941927576
0.10495169637547482888 49.73748715195548442125
0.07693079592987128734 104.87549058318397499079
0.03582496331373428988 75.20017650800021158375
0.03735779331898411715 72.06709541856000100779
0.02976702300478578644 59.59747596674390734961
0.10135967830367782760 143.11900106591190251493
0.06889984902082137153 97.27190286784575334877
0.06291763838205871595 93.98409388950328491319
0.08552715317929879268 73.07599239530033230494
0.02454176320032111502 112.18152066378910092226
0.08163242545824543617 97.91318198444365350497
0.03339821371236011138 59.73664438858096303875
0.05700569414713740901 121.87396175352962757188
0.03373601523178218486 71.42786124594098851048
0.08906785923572210772 77.04859738548321956841
0.07818482843757659784 98.18749607855637862031
0.04971438365040537627 81.96812783061577079025
0.09202393339212722179 106.18326686178545514849
0.05615009244209988315 60.55159498984523480658
0.06433170433346807604 69.40902650584584421267
0.02785804282117723338 71.51454918518493286683
0.05702504833192337252 75.09446773604108216205
0.04324943373567641247 114.31391874147176679344
0.07630636799642723234 94.34934611449139651995
0.03739215403495660395 50.77215255172284003038
0.06672583721230154752 70.44162385015016525358
0.06436649336451610859 123.11939292680565927185
0.10533373681398358612 75.57275178550591476778
0.11796506404915256538 108.40432452290876597090
0.07379155669935326400 110.67527880254799299564
0.05291107895279363593 79.66036295577809767110
0.02868098855598207736 104.07460823999596755129
0.04215001577568028984 70.67155795604600143633
0.06556978957337621094 61.11173132851003231281
0.10408211123338620419 73.71625884189280952796
0.05553047140443195806 65.75096822672824714573
0.11367664228233390067 138.96419944737752416586
0.07402955362562299579 28.41094156679986681979
0.06356154218636407560 72.50056071229863619010
0.03637556804799842169 86.25080791936005653042
0.01189443351653932980 73.86212457918122709088
0.04430199266106157191 64.11123089971360400341
0.05827931858650545194 121.80342680472391236890
0.06978082961903511738 74.56009068852200982747
0.05429798258694661789 70.44143009129743404628
0.05612907738293927695 75.44860671932197249134
0.02586357523193960964 107.28242821986327726336
0.06723910059497326119 97.59490576565721653424
0.10499778971287025697 78.36888470045622057114
0.10053082207930386094 99.66140889364002930506
0.08537180522933277005 72.61989401466780691408
0.06629161999925223259 60.52229181649953204669
0.05654867136774813230 84.40730476679512150895
0.05643195629614342068 117.84758390357956159278
0.03095440355252661660 69.74936754565605667722
0.12609015026193640119 103.99659019509537927206
0.07764885609060601102 70.43417276018089978606
0.02717696906579898306 78.23671694247013874701
0.09794533835213395379 77.41890303522431793226
0.06959514034490806023 77.84263030281613282568
0.05997068543740149277 66.23337198050903396052
0.08204724910756124034 86.55088127302870759650
0.02366392666069928527 89.62358018205185317129
0.05739140106477595704 74.92818104503095355540
0.06017750166826030256 53.85408521479499199813
0.06863638244825961965 41.91923688596399699691
0.09900933581285852048 81.87458763018777574416
0.05178673432179026204 69.81391671471986626329
0.06020492210944028422 117.17242451145983750393
0.07730556773906684109 123.06489352304959083995
0.04067396575202347764 81.80073867128059816878
0.05146068567408391969 85.25077766784389154964
0.03755812795917987806 83.31787787032554604139
0.11631762171281748164 70.23709389244717726797
0.01236862908718145207 121.52831708966589019383
0.07177037433620531148 70.93397176353752797695
0.08860242690745319394 96.99234785987860618661
0.08727234818925926063 147.21849883592398100518
0.04214032252573297194 65.49006109398440855784
0.04609396258661854068 74.82766262227255538164
0.07226348116357105000 77.78605578962043409774
0.05115700562530670070 71.32194606972919359578
0.09176171734692778470 66.31971371856828056934
0.02541703371959193672 108.98020408084418875205
0.05535617137440515534 43.14256220632466920506
0.05617338957951555078 71.22390950222583683171
0.00787871396369086395 113.80926186933086796671
0.10645793955635174388 75.89686928068121574142
0.03284826693412683934 87.63403763707509597225
0.02065621826266135497 111.18817886389125249025
0.07099299237155337616 117.45578691370423030094
0.04304127480186063087 115.10311422739903264301
0.08125712867910750425 121.81412501824485161706
0.11477978992789576729 75.35795495851442638013
0.00740776069170950846 130.88333190369479552828
0.03336952274115879968 125.10098683048072132351
0.06051633013659414584 103.60091423461332738043
0.03304306069442902727 108.27187678490378175411
0.08497835195117947604 99.38976424923663444133
0.02012600390899148620 52.58996985801466905741
0.08391827326703854562 79.43129999053132905829
0.07651119747580807651 80.35489933400518225426
0.05613238096448446013 95.74081807396898113893
0.05717866896499253226 74.66376149564214870225
0.02997496161237921813 75.18874245666999911464
0.05823891055706686970 51.12308237879553018956
0.05234289404931848078 80.24543436081529534931
0.02594010754168088809 109.60680863195710799118
0.03634308948546007695 70.83741394704858862497
0.08212463039126044473 150.20543582821460404375
0.06800266195385400170 86.51337671148272079336
0.09246537304646121336 64.00869558215390497935
0.04264102559344118415 46.23263031045910054218
0.05245871837306474716 64.03730828032712452114
0.06858339619653938679 69.78213558475103184264
0.02204329882926456957 126.82066207392313117452
0.02729653029267257655 77.83491847047613987343
0.08439728108610329571 87.93614611546968262701
0.09430067046605129788 51.03552050183851918064
0.03507714124141556034 69.68960650872300277570
0.09390725027397901770 79.23706763376603134930
0.05974808869246489573 78.84397290904415456225
0.04555238277355030257 110.60209809847179940334
0.08603139676040347239 85.62732388728727528360
0.07296345915204321964 76.93338260406522977064
0.09121405538544813396 101.21561277970488390565
0.05799059002489354020 117.43851520045680558724
0.06498983764800353446 39.85500738136550324953
0.09079456765522470052 68.48544195577214566129
0.10750498865840023288 99.87499738877630761635
0.05591275567447005074 68.35797985078284000338
0.05851150954850881103 105.33158653212146305123
0.07130691834674399154 86.86007189219776591926
0.08365995684121081688 91.92108369398276579432
0.09511755686066084015 64.84719674740387063139
0.07265035373477503333 112.55987689255789518938
0.04734603162532594056 85.30415767594536191609
0.08026572254672766082 102.66109289789268643744
0.07757594103227737070 47.53918483708876863147
0.08759510509355324104 98.68975063440025508044
0.05349599527968808277 81.92129992443227592958
0.03891709735197249054 60.24814827739560740838
0.08330059886982349449 149.76779001473272501244
0.02439782112383823490 109.51977265962473495620
0.05010345044708061635 53.93828767848360428161
0.08838736948828757045 145.64837288115168689728
0.10043945214565339064 64.62630337553930814920
0.07259249371113873917 101.05087638255507442864
0.07042771697712990608 64.33674992146995919029
0.07378046935321054545 59.14038250363888948868
0.06594690041056672225 66.06520247481427077219
0.06085079117808525617 81.55507594217068856324
0.07622952049742473535 102.18100562082695148547
0.08587893160997972508 96.50922194388051877922
0.05774652124880984977 77.09149721143417366420
0.03670297191977672790 69.48481325709394695878
0.11174425754629338514 139.52963569715916491987
0.03525890664666652546 49.83344473262813068004
0.02944843493179973362 101.92099015176687260009
0.07150484642812769687 63.44831075633299377614
0.06076035664817570903 81.69140610934299218115
0.10893730934058933058 138.34904305684673886390
0.10387819740815809610 87.85191857486823607815
0.07788395778368285838 96.15977406653065884257
0.06193050550181826430 77.05790155063456836615
0.06065475752293137540 94.42690512800656676973
0.08258767747685921701 116.16651490260831280921
0.07763225416807242873 80.71935392384061458415
0.10888142959427725420 80.09188745726237357303
0.11015369539950069233 77.82568681849832614716
0.06125332860373620264 99.25144218765591119791
0.03897941931036400659 108.81970719949333670229
0.09809807868220472848 87.10081696477691082237
0.08999161501455339718 53.95597106899928974144
0.05227781722777567058 71.16681049449432805432
0.08293358984540862011 78.96087712211210885016
0.08208205868283012518 70.00197070824371792241
0.01163426142012518108 119.90906453040184942438
0.03943413892460016085 104.89736916913430775367
0.03152101473229582118 117.26565924162211729254
0.04163431866217299354 92.15015325589094175029
0.06922113362281290261 86.98117249014120488937
0.13062696618362013012 104.87914442028728956302
0.10034785002702031886 127.90386404538693909672
0.01363404458235596521 61.57146301043754732518
0.01419601052559488728 113.41556226912913984961
0.09148863712785477997 92.84948330697297080860
0.05782351479457716742 67.10389232845336948685
0.04429087808275106869 63.63940995547911683161
0.03504341006870280439 51.50752706867736918639
0.06402050857959909469 68.34227892826187655828
0.06202204849963120770 33.00635870091437595875
0.06798812112824836884 99.15254611375354443226
0.02862319831137908818 75.49257622800475076019
0.05662593875533531579 99.61474744122665470059
0.07934244819988688080 102.45439243383995631120
0.09565030559458585768 53.12311324888995756055
0.06093446685183482453 53.09851764100371696031
0.10768994697739496524 140.56125245602865447836
0.06958868411240475005 71.42151106685139438923
0.03312222342828820970 105.25438249111287802862
0.01227168671256386075 110.77528840160363188261
0.04476049607627565624 76.59516337636334526451
0.09016731909229230846 67.54206439216265778214
0.08191499940520224898 69.97179949590733372133
0.06275454478344326403 40.71191218735149419672
0.05154661934978347487 62.39590814741006141730
0.05410765754301056357 66.03986605642377583081
0.09618289808741833924 71.06592538940232373079
0.11115976687839364268 141.34030906773796232301
0.05357421242620730162 118.99751771596967842015
0.04945626810982486909 80.43826323153129465027
0.06839100655220255176 86.22262225053022177690
0.11313736298893409260 69.58132420861153377700
0.07112703698235312011 96.79885688565541101980
0.09122476877669359607 150.11578740479569660238
0.05879813888124992699 66.57266001338177829894
0.03207688091317480172 74.37203207527188908443
0.09337963028742361782 96.18142155556525096927
0.03007084251283004966 127.01373621595043061916
0.10064739133729357079 134.87910735742346446386
0.05808924953934642421 110.59080032834638984696
0.02014721292351973406 110.93773617314073476336
0.08263456183438158686 147.90896915417985724162
0.12084072517371924338 67.44842168420935024642
0.07447860874703447764 84.92765010466862918292
0.08497125188474513591 84.73841753982290470049
0.09774705276958950417 54.10149015478776135524
0.02771405673423238403 109.45263563615333168855
0.11386371439036320485 85.35770877895947705838
0.02601114548548142530 138.59854339403852918622
0.01676486032099824830 102.01242332167723247949
0.02807479301235248775 104.64061978688603460341
0.06812213559429169951 59.40116524074914394760
0.09299560968985501330 88.78864583158825496412
0.07743233717531658455 76.87982222944432919576
0.07875653896670857523 75.78500620578870439203
0.09617180957037402278 83.03519779277992540756
0.08651506358259901386 93.90915524150206294962
0.04100202545434431661 80.41433456931612511198
0.06500033861784895728 59.78803827806848403270
0.10804007290092275395 53.56534805390541009729
0.02905638369026462137 33.38910329633887386080
0.05430428216938352343 60.67209351317892185307
0.11990910719577202448 67.84383614703750708941
0.04355198495659930863 85.16252121734856928015
0.03550657273179813611 78.37528505475253837176
0.00663336968531358633 123.69203749888625054609
0.03282749123787596229 32.84156501421565366172
0.08327128453504614725 78.66097414352030625651
0.02915113657870549435 134.04750158948800731196
0.06567540862229642729 108.88178314375950606063
0.00942801402221198938 116.99925342375216530399
0.05531468636895397334 122.24833263075539946385
0.06789384011599669533 64.22236844391494514639
0.06599432315196644694 41.46035694721432918186
0.03302629010698032719 85.02879667460457824291
0.03853183336502463696 79.42181625150571733229
0.10731914011002308129 94.08557223789071599640
0.03775555672073088037 93.66631954648495650417
0.04537133523486884534 95.93875952029672760091
0.03757837061301772669 104.68176704280038791239
0.06215116857086239871 109.91871540501699655579
0.03936312377793996231 113.78957132109283634236
0.06634953049062251862 109.57780781415169713000
0.06827215576438648570 76.08451120831794867172
0.03291287692161463940 54.11991772727606075932
0.02919881103114495627 124.46413764784533384500
0.00980925614326051340 103.86379744558972504365
0.10253378099959814529 98.66952087840957119624
0.03168005594958570731 128.12111698006270898986
0.06807499301587691121 72.65658054050047098826
0.05936822203258732694 65.65154915035333260676
0.07047670891450587283 96.80850703745829832769
0.10727052122946716117 134.94464594437980053954
0.10200335998303916574 52.00493302715562293770
0.03824334525517884137 107.92929908849012576866
0.09607290523523009940 69.82587589509424219614
0.10818785966617240624 77.58262830248069974459
0.10439716910879381917 97.92835815821784706259
0.08918205662176044435 71.15211448273076655369
0.02250605065452627312 129.04586254323260163801
0.04928201387668129652 77.81510254434915907495
0.07214776335943205721 39.93182538884443744109
0.07076591471527828026 77.45058354752718798863
0.05338338801242668852 81.77505359689740771501
0.09543745838548596538 78.55160610249023989127
0.07763274946841829116 104.85009941596906912764
0.02384865785806098218 110.94781103984473702440
0.03342614553973786290 83.09259669511646961837
0.12082054084480159384 107.21528116895089510763
0.07657723572868237183 24.40396718772549888854
0.05580884212392617921 80.00833386709213357335
0.07462585056419028529 79.02017505344419134872
0.05384328910922302203 33.34409073752321717166
0.09193102934514685298 86.35054592805343531836
0.02877696012858242322 101.65162965371951031557
0.06537565860887697977 92.59382473837484894830
0.08163801233310916117 76.01558626201189383664
0.05987944703795401724 69.75449564074259001245
0.03468434362397722348 103.35427641092054784622
0.03264381018988208455 104.19161533371372740930
0.06647679423505899188 72.49624137743100504849
0.02352870502858036769 100.41774969501032899188
0.06014250661941751563 66.37555486155297046480
0.07767160025644910537 104.48360446751060237602
0.05783565217513089024 100.44015956393927524459
0.05383382970258362293 69.72503783341430505516
0.06073533481848349125 89.61325964285525458308
0.02946525780801779321 79.01251745553777539044
0.08122718149667920717 103.67905228545882323488
0.05245208451803792804 115.52639173382780768407
0.06244279986214456429 121.30600706119636811309
0.05664749975173620500 71.63823759473611119120
0.11507036139040623113 102.31070959445899859475
0.06131019411109499273 51.33313936589558323931
0.11069272933338772380 101.98612338498612928106
0.08359229743571565396 78.50169833540620345502
0.06458798606805545017 33.61994460499418835298
0.06911461053502687690 90.41648853471208724386
0.12309891871957150122 98.91148661279001430557
0.04424399190265668885 64.64849303333330965415
0.03487219946539032306 109.53472682030165685774
0.00572363388555214170 107.35685547690320618130
0.09683147298457990548 143.32038716512744258580
0.06463313426758666991 27.96210126802363760135
0.03901499667988439501 82.55717742354053712006
0.06646875583112053787 75.60422874610739540913
0.09934956678606070291 50.92372954058838985247
0.03110817967289072200 110.35039957034901192401
0.09879790166921403882 123.51869103942486560754
0.08409800573224811282 149.13778038543040338482
0.06412916448865423058 72.46383032154081149656
0.06490828282573445074 104.53684653908636903452
0.05943367938037759368 66.03596370309361418549
0.07672836487257722604 77.12924082311401718925
0.10001047587533393179 86.86998448248290571883
0.06695756675804888369 74.84328036614324730635
0.05434257707173856949 71.46859915922233597030
0.08775531443283944577 144.31470989233170598709
0.06043757355970793416 51.37564338815620601508
0.04196176450340777936 63.98494312214057089250
0.07612713433184155332 60.24059378767944394895
0.05100667112534568864 77.47436588091215980967
0.03333064552915664808 33.39638669773162860110
0.05012320651505244168 73.15847714338048035643
0.07404996489787384062 76.36137816486909457581
0.10005545260381361328 51.31512455755849089201
0.02640235706912599442 114.16129028814845014494
0.06066833035179872158 74.90120071493851128253
0.06270512488722365663 80.77066457935274002011
0.07663627070524187124 63.45647858053884959872
0.02150301352552671727 101.64683987730818159889
0.04902747728083369644 48.38518297893362074547
0.03229968411269281553 60.62451661346385378693
0.05010552703124267898 79.61219122163437589279
0.09399053827438415276 89.17121457233784553864
0.03417979950462118888 77.95977932462804460556
0.06183089753949568695 70.69107695865349683118
0.08903087861920286339 63.00323561938086669443
0.05195639073747821551 71.05138181792364093781
0.09508034661122888309 72.68975730538689106197
0.03880073379154077434 59.21618820401139515752
0.09209804438632389345 62.04928497621995120426
0.06325228306868402317 86.05791385786440628181
0.05222710816914372806 94.92349837611394036685
0.03726498276507292373 66.41375088579992791438
0.06649926860965749142 77.38201980252925693549
0.07014073181307990679 63.42112394276763609469
0.05497606520332943419 121.83260957964046156121
0.07851941670601747525 94.90647085077945632747
0.08997460402263098012 62.45261976990947516697
0.08740077357659957469 145.72212238405549555864
0.05680700541422467609 45.16794484119962049817
0.03126573131824880725 86.89493221368965691909
0.08471679182654827389 59.20993457202435905629
0.04556162432029105952 60.67770225536033734670
0.06541190163295279580 69.77256159506197263909
0.11102420169589620469 74.47889218771385344553
0.06280454340831835569 92.01227094320816490836
0.09324527391052743475 103.69123591500270720189
0.09195452447700870613 85.85666490533422745557
0.03096124344282402338 85.84034807903186958811
0.11064523312843164982 73.91156481494678587296
0.10547892062152415538 76.81196236249853370737
0.06475082877944558779 92.58143086652756892363
0.02314186993773149903 65.06417573396265652264
0.04262983372128090198 75.88971986817992387842
0.07036175985230670726 103.76317338826996206080
0.03602018752879015961 72.20189511290300288238
0.05034846309938981884 79.15274278743767411015
0.02447963890162327405 46.75982204093629235331
0.06149938096212295702 77.14387658164885408496
0.05202546275678274906 118.39967674484313420180
0.08105192501580303632 123.41793042473754837829
0.02139923672242496563 116.49486802788666750530
0.01481286348083073190 73.36692230610991316553
0.00616290121394225902 125.78704654578561417111
0.07616715687684103009 104.24889058727006840854
0.01936656531401987832 47.99315726800269032992
0.03760322062364730017 60.59817605281548225094
0.05340872177926241776 80.56005532144813230389
0.06647105519530026319 54.40988341238518444243
0.08383776509127477405 146.43021886860816493936
0.06045887957586806860 104.30636279358193974076
0.02908173547024591257 127.61874430474045993833
0.01811617390146197382 108.62158449484107336502
0.04791565804974095427 65.49715930515141337764
0.06684639543538967166 79.25119490463637816902
0.02806156931101261298 73.05679895625944197946
0.03462993932700160482 44.05149504173382268846
0.10877826742957981410 138.69493716392270243887
0.02754625889731425470 109.11110510894023661876
0.02283930929909718313 56.64856975659569116033
0.08573727053497376405 69.04489810179202891049
0.07226395660402863685 48.74920040782846797356
0.04554221099631226150 58.38418312778437524457
0.05447314254744924783 115.19683769334606893153
0.05997098177650867640 94.14676775838245248451
0.02282055513253107570 47.38159354451109095407
0.03204983988947419926 97.90348537604660350553
0.02641239213868229463 111.40526053311816667701
0.05519609961703590695 71.58680607512800975201
0.06903447576934192143 69.54586818104816359210
0.06437486615601918649 126.58066633620759944279
0.07388180072408077892 63.54322613062242908200
0.07122828746493461982 70.41835792411222882947
0.01632300179004965782 121.93168624713031533702
0.02046394656167662557 110.68440178021437247935
0.02301269597095424724 110.65486974083556503956
0.06317862459278551779 50.02752283170750047248
0.04127770683960716586 94.59785612852702740838
0.03588124662160283029 60.54909411662655571718
0.08854866829287427743 53.73626635990178357360
0.06630790194936093951 86.46897375731610679850
0.06480919525543940574 69.95930443006142240847
0.06338459973719699769 64.03483491614279898840
0.08223668922890910171 122.81802330129957567806
0.15369764206535835305 82.02785151941621677452
0.09513556807848611019 101.71923944548336748994
0.04911219229657774049 70.37493695951886252260
0.06606375917530851738 70.31994124237317578263
0.07142601432664115457 77.18053124343246906847
0.04583225621983931519 52.39005889689425998768
0.03980465318474769171 54.26310846813153432322
0.10817225502789103164 68.38899696411488093872
0.09728948613819624058 102.89055733156008898277
0.06330285896352097486 83.76068458241310565882
0.07067352682107629069 77.48328595303986787712
0.04730392863721654545 89.26350200389614997221
0.03722871932506072179 101.96163055852021273040
0.03042356495800304511 71.71907871606208573212
0.06356330328212549119 44.88727275138808892052
0.07134633952806034018 64.01045270106682494315
0.08110443578394015141 120.37323161169437923945
0.03639858821632676461 88.17060070110383662723
0.03346162235601415902 113.82219862946909927359
0.04441038154019440187 106.48740947145049062783
0.02964442344009304148 74.54018726830717866960
0.04618544690981634532 51.77397720568328054469
0.06268866880363524463 45.12284846911175861806
0.06715374367352093532 63.55130810119382545054
0.05585164724660950791 69.64571340577815306006
0.07192324316877542201 96.94261489008620458208
0.04089257965562966002 110.10837203407614026673
0.07456126855796312014 71.20428295584527234041
0.03477196565406149437 55.19024667967134689661
0.09911222303195572902 137.24028949428802093280
0.07543372653924708404 76.36681480843262193048
0.05695267581866524098 73.73673458837012617550
0.04545586064160936357 105.94770860247331256687
0.06993831309255948980 77.22103724733489116261
0.07069558464253303254 69.01947819615818957573
0.05510345882079477342 65.69821411474308092693
0.04719425036236724047 71.31471652668354010984
0.06727459696816380508 51.02031951539293430642
0.06201405217881267307 83.62476194771242887782
0.07858534004537909290 73.59046530051718093546
0.07514243059634370669 75.12445199673398121831
0.10063137588770475206 73.45008192319303930162
0.06122576893339923276 63.03369346882227830520
0.04500127904750958474 66.80978333380429035060
0.08035085002156054645 95.66931645804397987831
0.01669185258173554523 47.75583823097205993236
0.07410752226352827765 75.06750392942869609669
0.10929230287680599676 100.39672653978117011775
0.06172219255333988297 81.59258432022372176107
0.07513360459146778414 95.60927271123721027379
0.03532800907696834192 80.49453321736331190550
0.10361833849252714834 103.50877100050108481355
0.05010009686352264596 111.58417646213713680936
0.13715650015525771011 68.67169237905577006131
0.03076764140012331478 85.37623708109579467873
0.04320525857709168333 102.37196119840973551618
0.01242738246613308249 102.35957375579121730880
0.05644528794478094469 63.71578477184281297241
0.03243206508320834597 51.04592731844289943410
0.09626667585210033073 95.16588284162891397955
0.03900940121684932926 64.43145003110468849172
0.09033147655031184553 63.68879315354078585187
0.06840426206844001100 77.60924736782783384115
0.02850364267801227744 48.70203135345523293154
0.08976550778470342162 67.94185911780890307909
0.03867324419374785355 76.36146504554486114102
0.07680660632532305965 86.48657407217412185219
0.02980323033721359038 125.69623146551131753768
0.04658755862598984443 62.77546166849440822944
0.08419470409599570659 72.18314388090718125568
0.10396493383822302814 143.23687784344792817137
0.03096749301115440944 102.37384718393430205197
0.08057019591089457922 62.67284880946387914946
0.08538676181182289215 144.79524705444168830581
0.05138486854763510414 50.81699098711875706158
0.12131680455097738902 68.21736517892162510179
0.02455245213782050739 60.31691779323578828098
0.06028649439137155619 76.30855775803743767938
0.05338176205761617499 119.54832731539941903520
0.04950372281563480276 66.27451674469462261641
0.06244184824906293813 66.90173100467681877035
0.08399450403622711614 61.07420003668830332799
0.02850015796832224002 139.06439650331316215670
0.04135008806208297777 57.15049286343757017903
0.03610898544787152775 63.83073416085328233294
0.07653063361900318273 80.51587468238226108497
0.10965799511457194337 87.83216848769590967549
0.09004088049319651510 94.19667783249218473429
0.08468904611277798533 102.87489153793964646866
0.05365010976427683764 85.77034119884824292512
0.05262877979213447660 122.21162976292505675247
0.01009542772260287394 53.19439210752974389607
0.06594677151134147042 45.95011293693205800537
0.10106498775993275063 103.82626180092509571296
0.09272132050660457370 102.09538555251091906939
0.05114775863866386635 93.08543651185918577085
0.09046903423631313945 56.31939895437555065882
0.02924089364030446267 136.87112893492684406738
0.05422609281992847585 93.62748046651212519009
0.02101967218036767532 109.17664757258262397954
0.07071129566737079097 75.22439426568976728049
0.06490624077751810939 69.15186748340515521249
0.08977050761085809960 91.99286023767793096795
0.08352107066213919351 99.72035586517274907692
0.09080931977441419889 123.58739883484375354783
0.05504453370801275919 83.81736430922018143974
0.11700786078653883926 89.29144651558870293684
0.08041247750302429886 71.38200500263808123691
0.10397228057551349822 52.53034326784041496694
0.07484375108998447823 101.59229819615771361896
0.05399348442353824745 81.16018294019596623912
0.05461736641958134936 90.48966909193970309389
0.01220609924833733484 128.77512281489910606069
0.08454844556376313325 141.87450835428114714887
0.05707442236038129391 77.26879726644466472862
0.05085342569521977829 107.88659138065636966530
0.09910467267390289658 81.77603778585269367341
0.05526882020658643868 54.30691598151180699006
0.06481088384082937803 64.32685924241832253756
0.03750347447855507249 57.29813646399116322527
0.04060580374433590128 125.81172073394509425270
0.00639784607859988225 119.45426785251412127309
0.02324009189149912544 127.95661924220136995700
0.06284643920928352501 112.17298746567946921004
0.07979645398686244229 102.26741242439821633070
0.07488181462309352610 27.61712221593180061063
0.04371629618328937844 82.71063286401789582669
0.06871686979064059453 71.13478120026748285909
0.08195181909226784134 100.53353963592445552422
0.05944589719941021505 66.09058248904227639287
0.02859540874572969946 117.27741883620036844604
0.09405617947005084911 67.91800227002826773059
0.07106378236184712760 67.63800336773607568830
0.06511431237047493603 51.31338642330564425720
0.06084043101583534729 29.87722596025931665054
0.06672630131184455193 111.49066705131350829561
0.12253073623399961256 110.32103389505653012748
0.04599645337596315608 124.17882083379556945602
0.06866554875739187824 79.68711281132168267050
0.06530432902212371382 72.70105504336417823197
0.05000318043048507244 61.44854361051015700923
0.03232072264880919005 69.41162818787645960583
0.08709730588583576572 75.19578737636970799940
0.08938546806136014877 67.01180459634086616916
0.05779240901326621743 56.18470403017469294582
